0.5   92.9
0.625   78.7
0.75   64.2
0.875   64.9
1.   57.1
1.25   43.3
1.75   31.1
2.25   23.6
1.75   31.05
2.25   23.775
2.75   17.7375
3.25   13.8
3.75   11.5875
4.25   9.4125
4.75   7.725
5.25   7.35
5.75   8.025
0.5   90.6
0.625   76.9
0.75   71.6
0.875   63.6
1.   54.
1.25   39.2
1.75   29.3
2.25   21.4
1.75   29.175
2.25   22.125
2.75   17.5125
3.25   14.25
3.75   9.45
4.25   9.15
4.75   7.9125
5.25   8.475
5.75   6.1125
0.5   80.
0.625   79.
0.75   63.8
0.875   57.2
1.   53.2
1.25   42.5
1.75   26.8
2.25   20.4
1.75   26.85
2.25   21.
2.75   16.4625
3.25   12.525
3.75   10.5375
4.25   8.5875
4.75   7.125
5.25   6.1125
5.75   5.9625
0.5   74.1
0.625   67.3
0.75   60.8
0.875   55.5
1.   50.3
1.25   41.
1.75   29.4
2.25   20.4
1.75   29.3625
2.25   21.15
2.75   16.7625
3.25   13.2
3.75   10.875
4.25   8.175
4.75   7.35
5.25   5.9625
5.75   5.625
0.5   81.5
0.75   62.4
1.5   32.5
3.   12.41
3.   13.12
3.   15.56
6.   5.63
0.5   78.
0.75   59.9
1.5   33.2
3.   13.84
3.   12.75
3.   14.62
6.   3.94
0.5   76.8
0.75   61.
1.5   32.9
3.   13.87
3.   11.81
3.   13.31
6.   5.44
0.5   78.
0.75   63.5
1.5   33.8
3.   12.56
6.   5.63
3.   12.75
3.   13.12
6.   5.44
0.5   76.8
0.75   60.
1.   47.8
1.5   32.
2.   22.2
2.   22.57
2.5   18.82
3.   13.95
4.   11.25
5.   9.
6.   6.67
0.5   75.8
0.75   62.
1.   48.8
1.5   35.2
2.   20.
2.   20.32
2.5   19.31
3.   12.75
4.   10.42
5.   7.31
6.   7.42
0.5   70.5
0.75   59.5
1.   48.5
1.5   35.8
2.   21.
2.   21.67
2.5   21.
3.   15.64
4.   8.17
5.   8.55
6.   10.12
0.5   78.
0.625   66.
0.75   62.
0.875   58.
1.   47.7
1.25   37.8
2.25   20.2
2.25   21.07
2.75   13.87
3.25   9.67
3.75   7.76
4.25   5.44
4.75   4.87
5.25   4.01
5.75   3.75
3.   24.19
3.   25.76
3.   18.07
3.   11.81
3.   12.07
3.   16.12
0.5   70.8
0.75   54.7
1.   48.
1.5   39.8
2.   29.8
2.5   23.7
2.   29.62
2.5   23.81
3.   17.7
4.   11.55
5.   12.07
6.   8.74
0.5   80.7
0.75   61.3
1.   47.5
1.5   29.
2.   24.
2.5   17.7
2.   24.56
2.5   18.67
3.   16.24
4.   8.74
5.   7.87
6.   8.51
0.5   66.7
0.75   59.2
1.   40.8
1.5   30.7
2.   25.7
2.5   16.3
2.   25.99
2.5   16.95
3.   13.35
4.   8.62
5.   7.2
6.   6.64
3.   13.69
0.5   81.
0.75   64.5
1.5   35.5
3.   13.31
6.   4.87
3.   12.94
6.   5.06
3.   15.19
3.   14.62
3.   15.64
1.75   25.5
1.75   25.95
0.5   81.7
0.75   61.6
1.75   29.8
1.75   29.81
2.75   17.17
3.75   10.39
1.75   28.4
1.75   28.69
0.5   81.3
0.75   60.9
2.75   16.65
3.75   10.05
1.75   28.9
1.75   28.95